a=[1 2];
b=[3 5];
a=[1 2]